intDrugKitID	intDrugKitNumber	strTreatment	intSiteID
1	            10000	            A	            1
2	            10001	            A	            1
3	            10002	            A	            1
4	            10003	            P	            1
5	            10004	            P	            1
6	            10005	            P	            1
7	            10006   	        A	            2
8	            10007   	        A	            2
9	            10008   	        A	            2
10	            10009   	        P	            2
11	            10010   	        P	            2
12	            10011   	        P	            2
13	            10012	            A	            3
14	            10013   	        A	            3
15	            10014   	        A	            3
16	            10015   	        P	            3
17	            10016   	        P	            3
18	            10017   	        P	            3
19	            10018   	        A	            4
20	            10019   	        A	            4
21	            10020   	        A	            4
22	            10021	            P	            4
23	            10022   	        P	            4
24	            10023          	    P	            4
25	            10024         	    A	            5
26	            10025       	    A	            5
27	            10026   	        A	            5
28	            10027   	        P	            5
29	            10028   	        P	            5
30	            10029   	        P	            5
31	            10030   	        A	            6
32	            10031   	        A	            6
33	            10032   	        A	            6
34	            10033   	        P	            6
35	            10034   	        P	            6
36          	10035	            P	            6